x = [12 12 84 13 31];
y = [36 59 56 54 84];
x-y
